77 26 24 45
60 79 25 56
79 37 39 53
23 2 8 16
36 64 20 90
12 34 1 28
93 0 71 22
36 21 44 10
97 39 69 46
97 62 89 45
46 21 64 2
93 79 88 84
74 27 74 24
66 77 62 78
7 72 12 75
37 93 29 98
17 11 7 29
87 7 90 10
7 70 10 68
25 11 23 12
44 12 48 12
41 20 26 41
50 74 47 81
53 22 55 31
4 60 7 52
79 62 77 50
84 63 80 63
61 20 66 15
23 25 21 26
98 95 89 98
7 48 1 52
77 46 81 55
45 90 54 89
65 96 65 94
0 13 1 13
5 9 12 12
29 10 45 3
32 37 31 38
33 41 29 43
53 69 63 72
10 86 12 85
31 91 30 88
46 40 40 45
21 69 15 70
31 1 33 4
23 50 27 50
34 78 40 83
48 59 43 53
17 94 2 98
67 89 67 99
99 38 94 38
28 93 25 95
98 68 85 63
86 25 82 28
31 1 32 0
90 36 96 37
16 93 18 93
25 22 26 22
14 9 13 5
29 33 29 32
98 21 99 20
19 79 25 78
86 46 83 48
92 91 91 89
71 91 73 92
41 81 42 79
6 80 6 80
20 84 7 89
85 57 90 55
28 71 29 72
94 92 93 92
73 7 72 7
92 24 85 32
3 75 5 73
96 5 95 1
89 27 83 31
44 3 37 6
49 7 48 7
57 39 59 43
36 15 38 17
61 76 57 77
54 20 53 20
86 16 80 18
26 98 29 95
48 45 52 45
15 84 9 87
64 99 63 95
13 96 12 96
8 42 7 44
88 32 97 25
49 39 42 45
60 88 56 84
34 44 33 45
70 39 71 38
82 98 79 96
25 80 25 79
68 96 67 99
19 13 17 13
10 83 18 81
23 91 22 91
9 1 12 5
89 2 83 1
2 62 2 59
83 20 88 20
7 1 11 6
80 80 82 83
16 40 17 41
74 9 73 10
82 18 84 17
11 76 12 76
31 86 32 87
79 12 83 8
5 1 5 3
52 83 48 84
7 8 12 9
29 17 28 17
24 36 22 36
93 33 99 31
21 6 22 6
83 28 88 27
55 74 53 74
59 25 56 27
65 99 65 99
42 27 44 28
94 84 95 83
15 41 15 41
12 85 7 87
53 86 56 87
23 99 25 96
71 94 72 95
35 5 35 3
25 39 24 39
39 7 39 9
16 87 15 86
51 89 55 88
49 24 50 27
17 82 15 82
22 24 23 24
87 9 86 8
0 46 1 47
48 61 44 58
44 44 49 39
53 64 54 64
52 5 52 6
49 97 49 96
87 11 89 11
43 29 40 31
65 94 64 95
47 31 46 32
72 46 71 47
61 70 61 69
75 5 75 5
46 87 45 87
81 94 79 94
7 34 8 35
40 9 39 8
87 21 85 21
99 5 98 6
83 76 84 75
21 77 17 78
36 63 36 63
88 62 87 62
28 2 29 3
47 83 47 82
96 42 95 43
1 98 2 96
98 1 96 3
45 0 45 0
80 57 80 56
64 11 63 11
5 20 6 20
26 16 27 15
23 30 20 32
51 83 50 82
92 64 94 64
36 43 36 43
7 4 6 6
94 29 93 30
5 79 8 79
87 51 89 51
33 27 32 29
71 55 72 53
17 32 18 30
53 8 55 8
97 42 99 39
25 65 23 66
12 6 11 6
19 0 14 1
93 71 93 72
78 43 78 43
57 93 59 92
91 50 90 50
43 97 42 97
17 2 17 4
39 44 41 44
10 79 10 79
19 37 17 36
81 31 82 31
24 33 23 32
58 90 56 90
5 85 5 85
21 21 21 21
40 10 41 10
75 31 77 31
18 11 18 11
73 60 74 59
50 4 51 5
85 51 83 51
24 74 21 75
12 98 12 98
58 63 59 63
90 24 90 23
94 34 97 34
10 89 10 89
85 18 84 18
97 40 93 42
91 99 91 99
56 24 57 23
56 0 53 4
1 78 1 79
47 48 47 48
23 3 23 5
87 89 89 89
15 1 15 5
82 20 82 20
70 43 69 43
76 77 77 77
13 25 10 25
40 34 42 32
83 67 84 65
95 15 97 15
85 84 83 83
53 1 54 1
23 45 23 45
29 18 27 18
79 87 80 88
77 27 80 28
71 13 71 13
16 56 16 56
6 6 10 6
55 28 55 28
43 89 43 89
61 84 61 84
51 82 51 82
45 30 45 31
94 87 94 87
97 17 98 17
9 51 9 51
44 55 44 55
64 66 64 66
48 41 49 40
14 18 14 18
45 54 45 54
69 98 69 97
63 4 65 2
7 40 6 40
22 93 22 93
85 34 86 32
34 18 33 18
82 1 82 1
9 57 9 56
18 94 17 95
3 1 3 0
24 63 25 63
58 41 60 40
49 68 48 69
99 34 99 34
88 59 87 60
2 4 2 4
75 97 79 99
29 3 29 3
99 85 98 85
1 96 1 96
55 60 56 58
92 54 91 54
49 5 49 5
59 27 60 27
23 92 23 92
20 1 19 1
37 13 38 13
93 97 93 97
79 66 79 66
48 91 49 91
27 95 26 95
95 53 96 52
24 48 24 48
71 95 71 95
43 83 42 84
0 69 0 69
29 29 26 31
88 40 87 40
28 71 28 71
66 34 66 33
20 2 19 5
13 24 13 24
62 85 62 85
34 32 33 32
58 5 55 4
89 47 87 48
5 91 6 91
59 7 59 7
32 5 33 5
68 4 69 4
41 88 40 88
32 89 32 89
57 96 56 96
41 54 41 55
79 17 80 17
55 99 54 99
97 9 97 10
87 50 86 50
36 47 37 46
86 4 87 3
20 9 21 9
9 92 8 93
42 24 41 24
9 7 9 8
83 14 81 15
99 46 99 46
3 45 3 45
72 43 72 43
32 55 34 54
77 31 80 29
69 2 69 2
78 42 80 42
14 28 11 30
88 59 87 60
61 39 60 39
75 53 76 52
99 0 99 0
21 8 21 8
58 40 58 40
16 32 15 34
62 25 63 25
8 47 6 47
11 74 11 74
54 66 54 66
83 47 83 47
4 44 4 44
58 98 58 97
77 98 78 97
8 15 7 15
79 65 78 66
2 91 2 91
6 58 5 58
27 27 26 27
23 38 23 38
90 61 90 61
35 84 35 83
89 84 89 84
29 69 29 69
99 98 97 97
80 36 78 37
45 55 45 55
94 93 94 93
37 34 37 33
87 69 84 69
83 94 84 94
12 56 12 56
77 66 75 65
11 29 13 28
96 82 94 83
77 24 77 24
86 4 87 3
34 17 31 17
85 66 86 67
66 83 66 84
3 95 3 95
87 93 86 93
32 50 32 50
57 3 56 3
4 4 4 4
91 93 92 93
44 69 44 69
18 74 18 74
20 43 20 43
71 18 70 19
66 60 66 60
79 52 79 52
96 61 93 59
28 22 27 22
44 83 44 83
35 27 35 27
72 14 73 14
60 53 61 53
87 11 87 11
28 85 28 85
29 48 27 48
99 83 99 84
56 58 55 59
12 86 12 86
6 6 8 6
13 4 14 3
87 92 87 92
9 92 9 92
22 96 22 96
7 37 7 36
11 52 11 52
33 15 32 15
25 72 25 72
17 90 19 90
19 66 17 67
25 92 25 92
45 61 45 59
86 78 86 78
12 72 14 72
98 58 98 58
83 11 87 11
20 89 20 89
90 66 89 67
26 64 26 64
90 86 90 86
87 21 88 21
79 31 79 31
72 48 72 49
17 64 17 64
13 32 13 32
46 85 47 85
92 21 92 21
89 8 89 7
41 60 41 61
43 29 44 29
17 95 17 95
7 81 6 81
31 20 32 20
81 31 81 31
13 18 11 18
64 48 64 49
12 3 11 3
61 52 60 52
85 3 84 3
40 52 40 52
48 7 48 8
16 70 16 70
91 84 92 83
50 65 50 65
41 33 42 32
60 66 60 67
13 33 13 32
28 86 29 86
72 5 72 5
33 11 33 11
93 34 93 34
32 82 31 83
55 29 57 28
40 74 40 74
98 42 98 41
6 0 5 0
17 79 17 79
6 49 6 49
35 93 35 93
77 36 76 37
19 1 19 1
6 34 5 34
46 93 46 93
60 13 60 13
83 21 85 21
55 19 55 19
34 63 33 63
19 78 17 78
16 62 16 62
0 60 0 61
39 39 39 39
54 46 54 46
33 6 34 6
26 64 26 64
18 39 17 39
35 74 34 75
91 8 92 7
0 92 0 92
40 99 40 99
61 48 60 49
35 49 35 49
23 28 24 29
54 4 53 4
89 14 88 14
64 89 64 89
72 57 73 56
31 9 31 9
67 86 67 86
94 93 94 93
88 8 88 7
41 42 43 40
90 77 90 77
93 57 93 57
3 15 3 15
69 71 67 72
86 20 84 20
91 4 92 4
82 43 82 43
54 89 52 89
83 92 81 92
80 83 80 83
63 45 63 45
87 15 87 15
83 82 84 83
82 25 81 25
71 38 71 38
0 24 0 24
45 17 45 17
69 83 69 84
20 70 19 71
95 42 96 41
63 12 63 12
24 6 24 6
42 65 42 65
76 94 76 94
76 97 77 97
78 37 80 36
83 82 84 83
21 41 21 41
87 90 88 90
8 68 8 68
69 39 69 39
73 85 72 85
87 7 88 8
45 71 45 71
42 62 43 62
35 33 35 33
35 7 35 7
77 56 77 56
54 70 52 71
72 92 72 92
73 42 72 42
80 71 79 70
92 19 92 18
46 59 47 60
54 87 54 87
82 25 83 25
41 26 41 26
29 79 28 79
52 53 52 53
47 38 47 38
83 68 84 67
65 84 65 84
54 6 57 6
23 34 24 34
2 24 1 24
82 36 82 36
10 84 13 84
4 29 4 29
81 18 81 18
21 10 21 10
79 85 78 85
82 84 81 83
37 34 37 34
73 59 73 60
85 65 85 66
16 29 16 29
29 66 29 66
56 7 55 8
64 85 64 85
40 16 40 16
70 34 71 34
23 19 23 18
20 36 20 36
64 28 64 28
74 32 73 32
7 95 7 95
78 14 78 14
83 56 84 55
70 56 70 56
71 0 71 0
69 8 69 8
37 73 37 73
67 3 67 3
64 51 64 51
63 36 63 36
37 40 37 40
34 58 34 58
48 77 48 77
30 96 32 96
32 31 32 31
77 98 77 98
79 44 80 44
76 84 78 84
14 16 14 16
84 13 83 13
27 53 26 53
35 75 35 75
18 69 18 69
98 40 98 40
98 17 98 17
94 66 96 66
92 8 92 8
65 8 64 8
82 90 82 90
1 16 1 16
15 70 15 70
22 48 21 48
30 94 30 94
20 88 18 88
92 19 91 19
34 53 34 53
60 49 60 49
78 68 78 68
29 7 29 7
36 1 36 1
35 46 35 46
56 40 55 40
82 44 82 44
40 42 40 42
93 72 95 70
14 15 14 15
57 69 58 69
35 18 34 18
65 3 65 3
18 22 18 22
37 99 37 99
71 64 71 64
37 80 37 80
87 57 87 57
18 38 18 38
1 81 1 81
77 56 76 54
53 83 53 83
82 86 82 86
69 66 69 66
75 27 76 27
35 21 33 21
46 53 46 53
52 22 52 22
6 69 7 69
2 28 2 28
2 11 2 11
12 0 12 0
43 97 43 97
68 42 68 42
84 57 84 57
76 73 76 73
24 72 24 72
3 81 3 81
86 54 86 54
60 49 60 49
40 98 40 98
94 90 93 90
13 78 13 78
10 55 11 55
18 83 19 83
64 6 64 6
7 67 7 67
14 56 14 56
98 41 98 41
70 92 70 92
44 58 43 58
99 6 99 6
53 65 53 66
19 74 20 74
76 25 78 25
31 85 31 85
98 1 98 1
2 92 1 92
65 97 64 97
87 21 87 21
98 14 98 14
42 1 42 1
6 90 6 90
14 3 14 3
58 10 58 10
83 53 84 53
28 67 28 67
37 7 37 7
81 33 82 32
71 82 71 82
91 87 91 87
53 82 53 82
72 46 72 46
37 58 36 59
78 53 78 53
0 49 0 49
97 51 97 51
41 64 42 64
18 69 17 69
48 83 49 82
50 92 50 92
41 59 41 59
37 66 36 66
81 45 81 45
60 1 60 1
14 49 14 49
12 42 11 42
95 33 95 33
75 81 75 81
14 24 14 24
21 36 22 36
29 80 29 80
30 97 30 97
88 10 87 10
33 94 33 94
44 32 43 32
69 52 69 52
1 11 1 11
81 9 81 9
77 24 77 24
84 27 84 27
35 53 35 53
52 52 52 52
30 96 31 96
7 25 5 25
55 58 55 58
87 21 87 21
13 34 13 34
46 80 46 80
29 10 29 10
20 19 21 19
61 79 61 79
9 62 9 62
41 59 41 59
54 50 54 50
57 76 57 76
95 24 95 24
40 56 40 56
35 74 35 74
88 32 88 32
65 37 65 37
47 3 47 3
69 67 69 67
76 84 78 84
54 6 53 6
76 13 76 13
88 28 87 29
65 71 65 71
1 73 1 73
92 65 91 65
99 8 99 8
33 40 33 40
85 47 85 47
34 61 35 61
34 28 32 29
82 75 82 75
0 4 0 4
97 30 98 30
64 0 65 0
44 63 44 63
77 29 78 29
19 25 19 25
72 87 72 87
92 40 92 40
93 61 94 61
6 3 5 3
93 4 93 4
28 33 28 33
14 32 14 32
31 27 30 27
11 18 12 18
80 14 80 14
68 98 68 98
26 23 26 23
88 54 87 54
30 35 30 35
33 35 33 35
7 8 7 8
34 69 34 69
54 12 53 12
2 20 2 20
95 66 94 66
95 25 95 25
67 63 67 63
10 39 11 39
89 38 89 38
20 83 18 83
78 99 78 99
37 78 37 78
43 59 42 59
21 10 21 10
35 38 35 38
66 29 66 29
15 60 15 61
27 13 28 13
27 25 29 25
48 70 48 70
97 37 98 37
87 62 87 62
75 32 75 32
55 93 55 93
77 53 77 53
77 46 77 46
48 61 48 61
91 43 91 43
93 14 93 14
19 15 19 15
78 75 79 75
22 6 21 6
75 85 76 85
77 73 77 73
11 11 10 11
36 34 37 34
26 72 26 72
74 64 74 64
59 60 59 60
44 0 44 0
1 72 1 72
0 51 0 51
95 38 95 38
65 86 65 86
46 98 47 98
3 53 3 53
1 90 1 90
12 46 11 46
15 40 15 41
60 30 60 30
94 49 94 49
49 96 49 96
96 3 96 3
15 95 16 95
70 68 70 68
7 91 5 91
30 30 30 30
18 77 19 77
86 29 86 29
34 67 33 68
20 6 22 6
69 48 69 48
80 88 80 88
64 81 64 81
29 79 28 79
31 26 32 26
62 0 62 0
19 34 20 34
74 80 74 80
61 19 60 19
43 41 43 41
24 90 24 90
66 88 66 88
99 8 99 8
64 70 64 70
40 87 40 87
58 43 58 43
69 51 69 51
61 66 61 66
21 60 21 60
18 68 19 67
74 70 74 71
21 66 22 66
3 15 3 15
27 49 27 48
69 51 69 51
61 48 60 49
94 99 95 99
66 81 66 81
19 11 18 11
94 34 93 34
91 85 91 85
21 28 21 28
91 93 91 93
53 12 54 12
84 22 83 22
83 35 83 35
48 73 48 73
55 33 55 33
57 1 57 1
87 63 88 63
42 76 43 76
16 41 15 41
26 95 26 95
91 64 91 64
76 97 76 97
35 37 33 37
31 14 31 14
36 90 36 90
83 42 83 42
63 8 63 8
75 26 76 26
96 23 96 23
96 20 96 20
9 92 9 92
88 41 88 41
64 95 64 95
62 28 62 28
88 21 88 21
92 41 91 41
37 49 36 49
21 42 22 42
67 4 68 4
92 88 91 88
32 37 33 37
56 48 56 48
54 71 53 72
35 71 35 72
82 81 82 81
94 98 93 98
96 57 95 57
0 62 0 62
14 57 14 57
81 59 81 60
27 30 27 30
6 21 5 21
96 3 96 3
1 67 1 67
49 45 49 45
76 55 76 54
54 16 54 16
64 64 64 64
99 32 99 32
1 75 1 75
95 7 94 7
55 42 55 42
80 35 80 35
34 16 33 16
78 29 77 29
71 15 70 15
20 41 19 41
74 96 74 96
21 6 21 6
78 57 78 57
67 68 67 68
88 51 88 51
57 15 57 15
15 87 16 87
95 28 95 28
81 28 81 28
1 68 1 68
6 93 6 93
23 73 23 73
13 9 13 9
8 54 8 54
18 39 17 39
94 61 94 61
0 55 0 55
50 68 50 68
60 70 60 70
79 67 78 68
58 62 58 62
80 64 80 64
88 99 88 99
74 71 74 70
6 57 6 57
20 56 21 56
24 69 24 69
79 31 79 31
49 11 49 11
34 7 33 7
40 59 39 60
71 36 71 36
2 6 1 6
25 53 25 53
83 27 83 27
93 46 93 46
83 29 83 29
98 45 98 45
17 8 17 8
31 46 30 46
71 18 71 18
57 71 55 71
51 6 51 6
91 62 91 62
16 25 15 25
54 72 54 72
84 39 84 39
32 16 33 16
23 39 23 39
50 58 50 58
52 70 52 70
23 87 23 87
14 28 14 28
21 99 22 99
79 11 79 11
1 84 1 84
82 11 82 11
62 2 63 2
92 43 91 43
53 46 53 46
0 73 0 73
47 60 46 59
58 40 58 40
6 88 6 88
21 44 22 44
79 34 79 34
56 6 56 6
32 58 32 58
53 7 54 7
5 72 5 72
61 56 61 56
30 93 30 93
30 14 32 14
66 55 66 55
32 89 32 89
22 90 22 90
44 92 44 92
85 44 85 44
78 7 78 7
99 93 99 93
97 93 97 93
49 1 49 1
82 73 82 73
28 97 28 97
25 78 24 78
11 58 11 58
54 66 54 66
17 73 17 73
59 21 59 21
13 86 13 86
34 40 34 40
52 95 52 95
53 80 53 80
17 3 17 3
64 63 64 63
84 36 84 36
62 61 62 61
19 98 19 98
